model = heuristic_linear_regression_v2

Year: 2010
Pts Away		Correctly
From Spread		Predicted

0				0.00390625
1				0.00390625
2				0.01953125
3				0.05078125
4				0.11328125
5				0.2578125
6				0.34375
7				0.3828125
8				0.4140625
9				0.484375
10				0.52734375
11				0.5546875
12				0.5859375
13				0.59765625
14				0.61328125
15				0.65625
16				0.68359375
17				0.70703125
18				0.73046875
19				1.0


Year: 2011
Pts Away		Correctly
From Spread		Predicted

0				0.0
1				0.0
2				0.015625
3				0.0390625
4				0.08203125
5				0.2109375
6				0.2578125
7				0.3046875
8				0.375
9				0.48046875
10				0.51953125
11				0.54296875
12				0.58984375
13				0.60546875
14				0.63671875
15				0.65625
16				0.69921875
17				0.71875
18				0.74609375
19				1.0


Year: 2012
Pts Away		Correctly
From Spread		Predicted

0				0.0
1				0.0
2				0.01171875
3				0.05859375
4				0.09375
5				0.1953125
6				0.265625
7				0.31640625
8				0.38671875
9				0.47265625
10				0.51171875
11				0.55078125
12				0.58203125
13				0.59375
14				0.6171875
15				0.62890625
16				0.6796875
17				0.703125
18				0.72265625
19				1.0


Year: 2013
Pts Away		Correctly
From Spread		Predicted

0				0.0
1				0.00390625
2				0.02734375
3				0.0703125
4				0.11328125
5				0.2421875
6				0.328125
7				0.37890625
8				0.421875
9				0.49609375
10				0.51953125
11				0.546875
12				0.59765625
13				0.62890625
14				0.6484375
15				0.68359375
16				0.71484375
17				0.73046875
18				0.76171875
19				1.0


Year: 2014
Pts Away		Correctly
From Spread		Predicted

0				0.0
1				0.00390625
2				0.015625
3				0.0546875
4				0.12109375
5				0.21875
6				0.265625
7				0.296875
8				0.34765625
9				0.3984375
10				0.4453125
11				0.48046875
12				0.515625
13				0.5625
14				0.59765625
15				0.625
16				0.6640625
17				0.68359375
18				0.71484375
19				1.0


Year: 2015
Pts Away		Correctly
From Spread		Predicted

0				0.0
1				0.00390625
2				0.01171875
3				0.03515625
4				0.08203125
5				0.21875
6				0.2890625
7				0.3359375
8				0.4140625
9				0.51171875
10				0.5546875
11				0.578125
12				0.62109375
13				0.66015625
14				0.671875
15				0.69921875
16				0.73046875
17				0.765625
18				0.78125
19				1.0


Year: 2016
Pts Away		Correctly
From Spread		Predicted

0				0.00390625
1				0.00390625
2				0.02734375
3				0.07421875
4				0.12890625
5				0.23046875
6				0.29296875
7				0.33984375
8				0.46484375
9				0.5390625
10				0.5703125
11				0.59765625
12				0.62109375
13				0.65625
14				0.6796875
15				0.7109375
16				0.75390625
17				0.76953125
18				0.8046875
19				1.0


Year: 2017
Pts Away		Correctly
From Spread		Predicted

0				0.0
1				0.015625
2				0.0234375
3				0.03515625
4				0.09375
5				0.19921875
6				0.28125
7				0.3203125
8				0.3828125
9				0.42578125
10				0.4765625
11				0.51953125
12				0.56640625
13				0.6015625
14				0.63671875
15				0.67578125
16				0.71484375
17				0.7265625
18				0.75390625
19				1.0