model = heuristic_linear_regression_v1

Year: 2010
Pts Away		Correctly
From Spread		Predicted

0				0.01171875
1				0.03125
2				0.05078125
3				0.07421875
4				0.13671875
5				0.18359375
6				0.21875
7				0.2734375
8				0.3046875
9				0.34765625
10				0.3828125
11				0.421875
12				0.48046875
13				0.515625
14				0.5546875
15				0.578125
16				0.6015625
17				0.6171875
18				0.63671875
19				1.0


Year: 2011
Pts Away		Correctly
From Spread		Predicted

0				0.0
1				0.01171875
2				0.0234375
3				0.05859375
4				0.0625
5				0.125
6				0.18359375
7				0.2421875
8				0.3125
9				0.33984375
10				0.390625
11				0.44140625
12				0.46875
13				0.50390625
14				0.56640625
15				0.60546875
16				0.625
17				0.65625
18				0.6875
19				1.0


Year: 2012
Pts Away		Correctly
From Spread		Predicted

0				0.0
1				0.00390625
2				0.01171875
3				0.03125
4				0.0625
5				0.12890625
6				0.17578125
7				0.21875
8				0.265625
9				0.3203125
10				0.37890625
11				0.421875
12				0.46484375
13				0.49609375
14				0.53515625
15				0.5625
16				0.5859375
17				0.62109375
18				0.65625
19				1.0


Year: 2013
Pts Away		Correctly
From Spread		Predicted

0				0.0
1				0.00390625
2				0.03125
3				0.05078125
4				0.11328125
5				0.16796875
6				0.203125
7				0.2578125
8				0.31640625
9				0.3671875
10				0.4140625
11				0.48828125
12				0.5390625
13				0.578125
14				0.625
15				0.65234375
16				0.66796875
17				0.6796875
18				0.70703125
19				1.0


Year: 2014
Pts Away		Correctly
From Spread		Predicted

0				0.00390625
1				0.0234375
2				0.03125
3				0.08203125
4				0.1171875
5				0.15625
6				0.18359375
7				0.21875
8				0.25390625
9				0.29296875
10				0.3359375
11				0.3984375
12				0.4296875
13				0.484375
14				0.53515625
15				0.55859375
16				0.57421875
17				0.59765625
18				0.62890625
19				1.0


Year: 2015
Pts Away		Correctly
From Spread		Predicted

0				0.00390625
1				0.015625
2				0.0234375
3				0.06640625
4				0.11328125
5				0.15234375
6				0.17578125
7				0.2109375
8				0.2734375
9				0.328125
10				0.3984375
11				0.4375
12				0.49609375
13				0.546875
14				0.5703125
15				0.63671875
16				0.6796875
17				0.703125
18				0.7421875
19				1.0


Year: 2016
Pts Away		Correctly
From Spread		Predicted

0				0.00390625
1				0.0078125
2				0.04296875
3				0.05859375
4				0.109375
5				0.15234375
6				0.1875
7				0.24609375
8				0.3046875
9				0.375
10				0.4375
11				0.48046875
12				0.55078125
13				0.5859375
14				0.6171875
15				0.6640625
16				0.6796875
17				0.72265625
18				0.76171875
19				1.0


Year: 2017
Pts Away		Correctly
From Spread		Predicted

0				0.00390625
1				0.0078125
2				0.015625
3				0.05078125
4				0.1015625
5				0.13671875
6				0.1875
7				0.22265625
8				0.29296875
9				0.34765625
10				0.3984375
11				0.4453125
12				0.48046875
13				0.5234375
14				0.578125
15				0.62890625
16				0.66015625
17				0.69921875
18				0.72265625
19				1.0
